2000 111110
1 1001 105189
2 1002 101292
3 1003 100314
4 1004 100476
5 1005 100596
6 1006 100628
7 1007 100765
8 1008 100898
9 1009 100941
10 1010 101055
11 1011 101200
12 1012 103278
13 1013 102355
14 1014 101499
15 1015 101565
16 1016 101629
17 1017 101797
18 1018 101876
19 1019 101914
20 1020 102091
21 1021 102183
22 1022 102201
23 1023 105454
24 1024 103515
25 1025 102514
26 1026 102676
27 1027 102795
28 1028 102827
29 1029 102967
30 1030 103099
31 1031 103141
32 1032 103255
33 1033 103399
34 1034 105520
35 1035 104578
36 1036 103700
37 1037 103765
38 1038 103829
39 1039 103996
40 1040 104074
41 1041 104116
42 1042 104292
43 1043 104384
44 1044 104401
45 1045 106675
46 1046 105736
47 1047 104712
48 1048 104877
49 1049 104996
50 1050 105027
51 1051 105167
52 1052 105298
53 1053 105339
54 1054 105456
55 1055 105600
56 1056 107765
57 1057 106800
58 1058 105899
59 1059 105963
60 1060 106031
61 1061 106197
62 1062 106274
63 1063 106316
64 1064 106492
65 1065 106582
66 1066 106603
67 1067 108920
68 1068 107958
69 1069 106912
70 1070 107077
71 1071 107195
72 1072 107225
73 1073 107368
74 1074 107499
75 1075 107539
76 1076 107656
77 1077 107799
78 1078 112163
79 1079 109024
80 1080 108100
81 1081 108163
82 1082 108231
83 1083 108396
84 1084 108473
85 1085 108518
86 1086 108693
87 1087 108783
88 1088 108803
89 1089 111164
90 1090 110179
91 1091 109110
92 1092 109278
93 1093 109395
94 1094 109425
95 1095 109568
96 1096 109698
97 1097 109737
98 1098 109858
99 1099 110000
100 1100 113351
101 1101 111246
102 1102 110299
103 1103 110362
104 1104 110433
105 1105 110598
106 1106 110673
107 1107 110718
108 1108 110892
109 1109 110981
110 1110 111005
111 1111 113409
112 1112 112401
113 1113 111310
114 1114 111478
115 1115 111594
116 1116 111623
117 1117 111769
118 1118 111899
119 1119 111938
120 1120 112058
121 1121 112199
122 1122 114493
123 1123 113469
124 1124 112500
125 1125 112562
126 1126 112632
127 1127 112797
128 1128 112872
129 1129 112920
130 1130 113094
131 1131 113182
132 1132 113205
133 1133 115652
134 1134 114622
135 1135 113508
136 1136 113680
137 1137 113795
138 1138 113823
139 1139 113969
140 1140 114098
141 1141 114136
142 1142 114259
143 1143 114400
144 1144 116738
145 1145 115691
146 1146 114699
147 1147 114760
148 1148 114834
149 1149 114998
150 1150 115072
151 1151 115120
152 1152 115293
153 1153 115380
154 1154 115407
155 1155 124828
156 1156 116845
157 1157 115708
158 1158 115879
159 1159 115993
160 1160 116021
161 1161 116171
162 1162 116298
163 1163 116336
164 1164 116459
165 1165 116599
166 1166 118980
167 1167 117915
168 1168 116900
169 1169 116961
170 1170 117034
171 1171 117197
172 1172 117270
173 1173 117322
174 1174 117494
175 1175 117581
176 1176 117607
177 1177 121318
178 1178 119065
179 1179 117907
180 1180 118081
181 1181 118194
182 1182 118222
183 1183 118370
184 1184 118497
185 1185 118534
186 1186 118661
187 1187 118800
188 1188 121224
189 1189 120137
190 1190 119099
191 1191 119159
192 1192 119236
193 1193 119398
194 1194 119471
195 1195 119521
196 1196 119693
197 1197 119779
198 1198 119808
199 1199 122387
200 1200 121288
201 1201 120107
202 1202 120280
203 1203 120393
204 1204 120420
205 1205 120572
206 1206 120698
207 1207 120734
208 1208 120860
209 1209 120999
210 1210 123466
211 1211 122361
212 1212 121300
213 1213 121359
214 1214 121436
215 1215 121598
216 1216 121669
217 1217 121723
218 1218 121895
219 1219 121980
220 1220 122008
221 1221 124630
222 1222 123508
223 1223 122305
224 1224 122482
225 1225 122594
226 1226 122620
227 1227 122772
228 1228 122897
229 1229 122932
230 1230 123062
231 1231 123200
232 1232 128174
233 1233 124582
234 1234 123499
235 1235 123558
236 1236 123638
237 1237 123799
238 1238 123869
239 1239 123923
240 1240 124094
241 1241 124178
242 1242 124210
243 1243 126876
244 1244 125731
245 1245 124505
246 1246 124681
247 1247 124792
248 1248 124818
249 1249 124973
250 1250 125098
251 1251 125133
252 1252 125262
253 1253 125399
254 1254 129207
255 1255 126806
256 1256 125700
257 1257 125758
258 1258 125837
259 1259 125998
260 1260 126068
261 1261 126125
262 1262 126295
263 1263 126378
264 1264 126410
265 1265 129119
266 1266 127952
267 1267 126703
268 1268 126883
269 1269 126993
270 1270 127018
271 1271 127173
272 1272 127296
273 1273 127331
274 1274 127463
275 1275 127600
276 1276 130197
277 1277 129028
278 1278 127899
279 1279 127956
280 1280 128039
281 1281 128199
282 1282 128268
283 1283 128325
284 1284 128495
285 1285 128577
286 1286 128612
287 1287 131364
288 1288 130174
289 1289 128903
290 1290 129082
291 1291 129192
292 1292 129216
293 1293 129374
294 1294 129497
295 1295 129531
296 1296 129663
297 1297 129799
298 1298 132439
299 1299 131252
300 1300 130100
301 1301 130156
302 1302 130239
303 1303 130398
304 1304 130467
305 1305 130527
306 1306 130696
307 1307 130777
308 1308 130812
309 1309 136226
310 1310 132395
311 1311 131101
312 1312 131284
313 1313 131392
314 1314 131416
315 1315 131574
316 1316 131696
317 1317 131729
318 1318 131865
319 1319 132000
320 1320 134683
321 1321 133473
322 1322 132299
323 1323 132355
324 1324 132441
325 1325 132599
326 1326 132667
327 1327 132727
328 1328 132895
329 1329 132976
330 1330 133014
331 1331 137184
332 1332 134617
333 1333 133301
334 1334 133483
335 1335 133591
336 1336 133614
337 1337 133776
338 1338 133897
339 1339 133929
340 1340 134065
341 1341 134199
342 1342 136926
343 1343 135697
344 1344 134500
345 1345 134555
346 1346 134641
347 1347 134798
348 1348 134865
349 1349 134928
350 1350 135096
351 1351 135176
352 1352 135214
353 1353 138096
354 1354 136838
355 1355 135501
356 1356 135685
357 1357 135791
358 1358 135815
359 1359 135975
360 1360 136095
361 1361 136127
362 1362 136266
363 1363 136399
364 1364 139170
365 1365 137919
366 1366 136699
367 1367 136753
368 1368 136843
369 1369 137000
370 1370 137066
371 1371 137128
372 1372 137296
373 1373 137375
374 1374 137415
375 1375 140342
376 1376 139060
377 1377 137700
378 1378 137884
379 1379 137990
380 1380 138013
381 1381 138177
382 1382 138296
383 1383 138328
384 1384 138466
385 1385 138598
386 1386 145570
387 1387 140143
388 1388 138900
389 1389 138953
390 1390 139042
391 1391 139199
392 1392 139264
393 1393 139330
394 1394 139497
395 1395 139575
396 1396 139615
397 1397 142585
398 1398 141281
399 1399 139902
400 1400 140086
401 1401 140191
402 1402 140213
403 1403 140376
404 1404 140495
405 1405 140526
406 1406 140668
407 1407 140799
408 1408 145064
409 1409 142364
410 1410 141099
411 1411 141152
412 1412 141244
413 1413 141400
414 1414 141464
415 1415 141530
416 1416 141696
417 1417 141773
418 1418 141817
419 1419 144831
420 1420 143503
421 1421 142102
422 1422 142285
423 1423 142389
424 1424 142411
425 1425 142578
426 1426 142696
427 1427 142726
428 1428 142867
429 1429 142998
430 1430 145898
431 1431 144588
432 1432 143300
433 1433 143352
434 1434 143444
435 1435 143599
436 1436 143662
437 1437 143732
438 1438 143897
439 1439 143974
440 1440 144017
441 1441 147074
442 1442 145724
443 1443 144304
444 1444 144487
445 1445 144590
446 1446 144611
447 1447 144777
448 1448 144894
449 1449 144924
450 1450 145069
451 1451 145199
452 1452 148142
453 1453 146810
454 1454 145499
455 1455 145550
456 1456 145646
457 1457 145800
458 1458 145863
459 1459 145932
460 1460 146097
461 1461 146172
462 1462 146219
463 1463 152245
464 1464 147946
465 1465 146504
466 1466 146686
467 1467 146788
468 1468 146809
469 1469 146979
470 1470 147095
471 1471 147124
472 1472 147268
473 1473 147398
474 1474 150385
475 1475 149034
476 1476 147700
477 1477 147750
478 1478 147845
479 1479 147999
480 1480 148061
481 1481 148134
482 1482 148298
483 1483 148373
484 1484 148419
485 1485 153048
486 1486 150167
487 1487 148706
488 1488 148887
489 1489 148989
490 1490 149009
491 1491 149179
492 1492 149294
493 1493 149322
494 1494 149470
495 1495 149599
496 1496 152629
497 1497 151255
498 1498 149899
499 1499 149949
500 1500 150047
501 1501 150200
502 1502 150261
503 1503 150333
504 1504 150497
505 1505 150571
506 1506 150621
507 1507 153808
508 1508 152389
509 1509 150906
510 1510 151087
511 1511 151188
512 1512 151207
513 1513 151380
514 1514 151494
515 1515 151522
516 1516 151670
517 1517 151797
518 1518 154871
519 1519 153479
520 1520 152100
521 1521 152149
522 1522 152247
523 1523 152399
524 1524 152460
525 1525 152535
526 1526 152698
527 1527 152771
528 1528 152821
529 1529 156051
530 1530 154610
531 1531 153108
532 1532 153288
533 1533 153388
534 1534 153408
535 1535 153580
536 1536 153693
537 1537 153721
538 1538 153871
539 1539 153998
540 1540 164815
541 1541 155701
542 1542 154299
543 1543 154347
544 1544 154449
545 1545 154600
546 1546 154660
547 1547 154735
548 1548 154897
549 1549 154970
550 1550 155022
551 1551 158296
552 1552 156832
553 1553 155307
554 1554 155488
555 1555 155587
556 1556 155606
557 1557 155781
558 1558 155894
559 1559 155921
560 1560 156071
561 1561 156197
562 1562 160919
563 1563 157924
564 1564 156500
565 1565 156547
566 1566 156649
567 1567 156799
568 1568 156858
569 1569 156937
570 1570 157099
571 1571 157170
572 1572 157222
573 1573 160540
574 1574 159053
575 1575 157509
576 1576 157689
577 1577 157787
578 1578 157806
579 1579 157981
580 1580 158093
581 1581 158119
582 1582 158273
583 1583 158398
584 1584 161601
585 1585 160146
586 1586 158699
587 1587 158745
588 1588 158850
589 1589 159000
590 1590 159059
591 1591 159137
592 1592 159298
593 1593 159368
594 1594 159424
595 1595 162785
596 1596 161275
597 1597 159709
598 1598 159889
599 1599 159986
600 1600 160004
601 1601 160182
602 1602 160293
603 1603 160319
604 1604 160472
605 1605 160597
606 1606 163844
607 1607 162370
608 1608 160900
609 1609 160946
610 1610 161050
611 1611 161199
612 1612 161257
613 1613 161338
614 1614 161499
615 1615 161569
616 1616 161624
617 1617 168262
618 1618 163495
619 1619 161911
620 1620 162090
621 1621 162187
622 1622 162204
623 1623 162382
624 1624 162492
625 1625 162517
626 1626 162674
627 1627 162797
628 1628 166088
629 1629 164591
630 1630 163099
631 1631 163144
632 1632 163252
633 1633 163400
634 1634 163457
635 1635 163538
636 1636 163698
637 1637 163767
638 1638 163826
639 1639 168913
640 1640 165718
641 1641 164111
642 1642 164289
643 1643 164385
644 1644 164402
645 1645 164583
646 1646 164693
647 1647 164717
648 1648 164873
649 1649 164996
650 1650 168330
651 1651 166815
652 1652 165300
653 1653 165344
654 1654 165452
655 1655 165599
656 1656 165655
657 1657 165740
658 1658 165899
659 1659 165968
660 1660 166026
661 1661 169517
662 1662 167938
663 1663 166313
664 1664 166491
665 1665 166586
666 1666 166602
667 1667 166783
668 1668 166891
669 1669 166915
670 1670 167075
671 1671 167197
672 1672 170574
673 1673 169037
674 1674 167499
675 1675 167542
676 1676 167653
677 1677 167800
678 1678 167856
679 1679 167940
680 1680 168098
681 1681 168166
682 1682 168228
683 1683 171762
684 1684 170161
685 1685 168513
686 1686 168690
687 1687 168784
688 1688 168800
689 1689 168984
690 1690 169092
691 1691 169115
692 1692 169275
693 1693 169396
694 1694 176204
695 1695 171261
696 1696 169700
697 1697 169743
698 1698 169853
699 1699 169999
700 1700 170054
701 1701 170142
702 1702 170299
703 1703 170366
704 1704 170427
705 1705 174005
706 1706 172381
707 1707 170715
708 1708 170891
709 1709 170985
710 1710 171000
711 1711 171184
712 1712 171290
713 1713 171314
714 1714 171476
715 1715 171596
716 1716 176776
717 1717 173482
718 1718 171898
719 1719 171941
720 1720 172055
721 1721 172200
722 1722 172254
723 1723 172342
724 1724 172499
725 1725 172565
726 1726 172629
727 1727 176251
728 1728 174604
729 1729 172914
730 1730 173091
731 1731 173183
732 1732 173201
733 1733 173385
734 1734 173491
735 1735 173514
736 1736 173676
737 1737 173795
738 1738 177303
739 1739 175706
740 1740 174099
741 1741 174141
742 1742 174255
743 1743 174399
744 1744 174452
745 1745 174543
746 1746 174700
747 1747 174765
748 1748 174829
749 1749 178494
750 1750 176824
751 1751 175116
752 1752 175292
753 1753 175384
754 1754 175401
755 1755 175585
756 1756 175690
757 1757 175712
758 1758 175877
759 1759 175996
760 1760 179547
761 1761 177928
762 1762 176298
763 1763 176339
764 1764 176456
765 1765 176600
766 1766 176653
767 1767 176743
768 1768 176899
769 1769 176963
770 1770 177031
771 1771 186052
772 1772 179046
773 1773 177316
774 1774 177492
775 1775 177582
776 1776 177603
777 1777 177786
778 1778 177890
779 1779 177912
780 1780 178077
781 1781 178195
782 1782 181789
783 1783 180151
784 1784 178499
785 1785 178539
786 1786 178656
787 1787 178799
788 1788 178851
789 1789 178945
790 1790 179100
791 1791 179163
792 1792 179231
793 1793 184775
794 1794 181267
795 1795 179518
796 1796 179693
797 1797 179783
798 1798 179803
799 1799 179986
800 1800 180089
801 1801 180110
802 1802 180278
803 1803 180395
804 1804 184033
805 1805 182373
806 1806 180698
807 1807 180737
808 1808 180858
809 1809 181000
810 1810 181051
811 1811 181145
812 1812 181299
813 1813 181362
814 1814 181433
815 1815 185228
816 1816 183489
817 1817 181718
818 1818 181892
819 1819 181981
820 1820 182005
821 1821 182187
822 1822 182289
823 1823 182310
824 1824 182478
825 1825 182594
826 1826 186275
827 1827 184596
828 1828 182899
829 1829 182938
830 1830 183058
831 1831 183199
832 1832 183249
833 1833 183346
834 1834 183500
835 1835 183562
836 1836 183633
837 1837 187471
838 1838 185710
839 1839 183920
840 1840 184094
841 1841 184182
842 1842 184205
843 1843 184386
844 1844 184488
845 1845 184508
846 1846 184680
847 1847 184795
848 1848 192215
849 1849 186818
850 1850 185098
851 1851 185136
852 1852 185259
853 1853 185400
854 1854 185450
855 1855 185546
856 1856 185699
857 1857 185760
858 1858 185834
859 1859 189716
860 1860 187932
861 1861 186120
862 1862 186293
863 1863 186380
864 1864 186407
865 1865 186588
866 1866 186689
867 1867 186708
868 1868 186879
869 1869 186993
870 1870 192631
871 1871 189042
872 1872 187298
873 1873 187336
874 1874 187459
875 1875 187599
876 1876 187648
877 1877 187748
878 1878 187900
879 1879 187961
880 1880 188034
881 1881 191959
882 1882 190152
883 1883 188322
884 1884 188494
885 1885 188581
886 1886 188607
887 1887 188787
888 1888 188887
889 1889 188907
890 1890 189081
891 1891 189194
892 1892 193006
893 1893 191263
894 1894 189497
895 1895 189534
896 1896 189661
897 1897 189800
898 1898 189848
899 1899 189948
900 1900 190099
901 1901 190159
902 1902 190236
903 1903 194204
904 1904 192375
905 1905 190521
906 1906 190693
907 1907 190779
908 1908 190808
909 1909 190989
910 1910 191088
911 1911 191107
912 1912 191280
913 1913 191393
914 1914 195248
915 1915 193487
916 1916 191698
917 1917 191734
918 1918 191860
919 1919 191999
920 1920 192046
921 1921 192150
922 1922 192300
923 1923 192359
924 1924 192436
925 1925 204148
926 1926 194595
927 1927 192723
928 1928 192895
929 1929 192980
930 1930 193008
931 1931 193188
932 1932 193286
933 1933 193305
934 1934 193482
935 1935 193594
936 1936 197492
937 1937 195709
938 1938 193897
939 1939 193932
940 1940 194062
941 1941 194200
942 1942 194246
943 1943 194349
944 1944 194499
945 1945 194558
946 1946 194638
947 1947 200640
948 1948 196817
949 1949 194923
950 1950 195094
951 1951 195178
952 1952 195210
953 1953 195390
954 1954 195487
955 1955 195505
956 1956 195681
957 1957 195792
958 1958 199734
959 1959 197932
960 1960 196098
961 1961 196133
962 1962 196262
963 1963 196399
964 1964 196445
965 1965 196551
966 1966 196700
967 1967 196758
968 1968 196837
969 1969 200936
970 1970 199038
971 1971 197125
972 1972 197295
973 1973 197378
974 1974 197410
975 1975 197589
976 1976 197686
977 1977 197703
978 1978 197883
979 1979 197993
980 1980 201978
981 1981 200154
982 1982 198296
983 1983 198331
984 1984 198463
985 1985 198600
986 1986 198645
987 1987 198751
988 1988 198899
989 1989 198956
990 1990 199039
991 1991 203181
992 1992 201260
993 1993 199325
994 1994 199495
995 1995 199577
996 1996 199612
997 1997 199790
998 1998 199886
999 1999 199903
1000 2000 200082
1001 2001 200191
1002 2002 208224
1003 2003 202377
1004 2004 200497
1005 2005 200531
1006 2006 200663
1007 2007 200799
1008 2008 200843
1009 2009 200953
1010 2010 201100
1011 2011 201156
1012 2012 201239
1013 2013 205424
1014 2014 203481
1015 2015 201527
1016 2016 201696
1017 2017 201777
1018 2018 201812
1019 2019 201990
1020 2020 202085
1021 2021 202101
1022 2022 202284
1023 2023 202392
1024 2024 208488
1025 2025 204599
1026 2026 202696
1027 2027 202729
1028 2028 202865
1029 2029 203000
1030 2030 203043
1031 2031 203152
1032 2032 203299
1033 2033 203355
1034 2034 203441
1035 2035 207669
1036 2036 205703
1037 2037 203727
1038 2038 203895
1039 2039 203976
1040 2040 204014
1041 2041 204191
1042 2042 204285
1043 2043 204301
1044 2044 204483
1045 2045 204591
1046 2046 208706
1047 2047 206823
1048 2048 204897
1049 2049 204929
1050 2050 205065
1051 2051 205199
1052 2052 205242
1053 2053 205354
1054 2054 205500
1055 2055 205555
1056 2056 205641
1057 2057 209912
1058 2058 207923
1059 2059 205928
1060 2060 206096
1061 2061 206176
1062 2062 206214
1063 2063 206390
1064 2064 206484
1065 2065 206501
1066 2066 206685
1067 2067 206791
1068 2068 210951
1069 2069 209044
1070 2070 207095
1071 2071 207127
1072 2072 207266
1073 2073 207399
1074 2074 207442
1075 2075 207554
1076 2076 207699
1077 2077 207753
1078 2078 207843
1079 2079 216316
1080 2080 210146
1081 2081 208128
1082 2082 208296
1083 2083 208375
1084 2084 208415
1085 2085 208592
1086 2086 208684
1087 2087 208700
1088 2088 208884
1089 2089 208990
1090 2090 213193
1091 2091 211268
1092 2092 209296
1093 2093 209328
1094 2094 209466
1095 2095 209598
1096 2096 209640
1097 2097 209756
1098 2098 209900
1099 2099 209953
1100 2100 210042
1101 2101 216502
1102 2102 212366
1103 2103 210330
1104 2104 210497
1105 2105 210575
1106 2106 210615
1107 2107 210791
1108 2108 210883
1109 2109 210902
1110 2110 211086
1111 2111 211191
1112 2112 215437
1113 2113 213489
1114 2114 211495
1115 2115 211526
1116 2116 211668
1117 2117 211799
1118 2118 211840
1119 2119 211955
1120 2120 212099
1121 2121 212152
1122 2122 212244
1123 2123 216646
1124 2124 214588
1125 2125 212530
1126 2126 212696
1127 2127 212773
1128 2128 212817
1129 2129 212993
1130 2130 213083
1131 2131 213102
1132 2132 213285
1133 2133 213389
1134 2134 217679
1135 2135 215713
1136 2136 213696
1137 2137 213726
1138 2138 213867
1139 2139 213998
1140 2140 214038
1141 2141 214157
1142 2142 214300
1143 2143 214352
1144 2144 214444
1145 2145 218889
1146 2146 216808
1147 2147 214732
1148 2148 214897
1149 2149 214974
1150 2150 215017
1151 2151 215192
1152 2152 215282
1153 2153 215304
1154 2154 215487
1155 2155 215590
1156 2156 226391
1157 2157 217934
1158 2158 215894
1159 2159 215924
1160 2160 216069
1161 2161 216199
1162 2162 216238
1163 2163 216357
1164 2164 216499
1165 2165 216550
1166 2166 216646
1167 2167 221134
1168 2168 219031
1169 2169 216932
1170 2170 217097
1171 2171 217172
1172 2172 217219
1173 2173 217393
1174 2174 217482
1175 2175 217504
1176 2176 217686
1177 2177 217788
1178 2178 224343
1179 2179 220158
1180 2180 218095
1181 2181 218124
1182 2182 218268
1183 2183 218398
1184 2184 218437
1185 2185 218559
1186 2186 218700
1187 2187 218750
1188 2188 218845
1189 2189 223377
1190 2190 221251
1191 2191 219134
1192 2192 219298
1193 2193 219373
1194 2194 219419
1195 2195 219593
1196 2196 219681
1197 2197 219706
1198 2198 219887
1199 2199 219989
1200 2200 224409
1201 2201 222380
1202 2202 220294
1203 2203 220322
1204 2204 220470
1205 2205 220599
1206 2206 220637
1207 2207 220758
1208 2208 220899
1209 2209 220949
1210 2210 221047
1211 2211 225622
1212 2212 223473
1213 2213 221333
1214 2214 221497
1215 2215 221571
1216 2216 221621
1217 2217 221794
1218 2218 221881
1219 2219 221906
1220 2220 222087
1221 2221 222188
1222 2222 226651
1223 2223 224603
1224 2224 222494
1225 2225 222522
1226 2226 222670
1227 2227 222797
1228 2228 222835
1229 2229 222960
1230 2230 223100
1231 2231 223149
1232 2232 223247
1233 2233 232331
1234 2234 225694
1235 2235 223535
1236 2236 223698
1237 2237 223771
1238 2238 223821
1239 2239 223993
1240 2240 224080
1241 2241 224108
1242 2242 224288
1243 2243 224388
1244 2244 228896
1245 2245 226825
1246 2246 224693
1247 2247 224721
1248 2248 224871
1249 2249 224998
1250 2250 225035
1251 2251 225160
1252 2252 225299
1253 2253 225347
1254 2254 225449
1255 2255 232365
1256 2256 227916
1257 2257 225735
1258 2258 225897
1259 2259 225970
1260 2260 226022
1261 2261 226194
1262 2262 226280
1263 2263 226307
1264 2264 226488
1265 2265 226587
1266 2266 231138
1267 2267 229048
1268 2268 226894
1269 2269 226921
1270 2270 227071
1271 2271 227197
1272 2272 227233
1273 2273 227361
1274 2274 227500
1275 2275 227547
1276 2276 227649
1277 2277 232353
1278 2278 230136
1279 2279 227937
1280 2280 228099
1281 2281 228170
1282 2282 228222
1283 2283 228394
1284 2284 228479
1285 2285 228509
1286 2286 228689
1287 2287 228787
1288 2288 233382
1289 2289 231270
1290 2290 229093
1291 2291 229119
1292 2292 229273
1293 2293 229398
1294 2294 229433
1295 2295 229561
1296 2296 229699
1297 2297 229745
1298 2298 229850
1299 2299 234598
1300 2300 232359
1301 2301 230137
1302 2302 230298
1303 2303 230368
1304 2304 230424
1305 2305 230595
1306 2306 230679
1307 2307 230709
1308 2308 230889
1309 2309 230986
1310 2310 249484
1311 2311 233493
1312 2312 231293
1313 2313 231319
1314 2314 231472
1315 2315 231597
1316 2316 231632
1317 2317 231763
1318 2318 231900
1319 2319 231946
1320 2320 232050
1321 2321 236841
1322 2322 234579
1323 2323 232338
1324 2324 232499
1325 2325 232569
1326 2326 232624
1327 2327 232794
1328 2328 232877
1329 2329 232911
1330 2330 233090
1331 2331 233187
1332 2332 240200
1333 2333 235715
1334 2334 233492
1335 2335 233517
1336 2336 233674
1337 2337 233797
1338 2338 233832
1339 2339 233962
1340 2340 234099
1341 2341 234144
1342 2342 234252
1343 2343 239086
1344 2344 236801
1345 2345 234538
1346 2346 234698
1347 2347 234767
1348 2348 234826
1349 2349 234996
1350 2350 235078
1351 2351 235111
1352 2352 235289
1353 2353 235385
1354 2354 240110
1355 2355 237938
1356 2356 235692
1357 2357 235717
1358 2358 235873
1359 2359 235996
1360 2360 236030
1361 2361 236164
1362 2362 236300
1363 2363 236344
1364 2364 236452
1365 2365 241329
1366 2366 239021
1367 2367 236740
1368 2368 236899
1369 2369 236968
1370 2370 237026
1371 2371 237195
1372 2372 237276
1373 2373 237313
1374 2374 237491
1375 2375 237586
1376 2376 242354
1377 2377 240160
1378 2378 237891
1379 2379 237915
1380 2380 238075
1381 2381 238197
1382 2382 238230
1383 2383 238364
1384 2384 238499
1385 2385 238542
1386 2386 238653
1387 2387 248348
1388 2388 241244
1389 2389 238940
1390 2390 239098
1391 2391 239166
1392 2392 239228
1393 2393 239396
1394 2394 239477
1395 2395 239513
1396 2396 239690
1397 2397 239784
1398 2398 244596
1399 2399 242383
1400 2400 240092
1401 2401 240115
1402 2402 240275
1403 2403 240396
1404 2404 240428
1405 2405 240566
1406 2406 240700
1407 2407 240743
1408 2408 240853
1409 2409 248226
1410 2410 243464
1411 2411 241142
1412 2412 241299
1413 2413 241366
1414 2414 241427
1415 2415 241595
1416 2416 241675
1417 2417 241715
1418 2418 241891
1419 2419 241985
1420 2420 246840
1421 2421 244605
1422 2422 242290
1423 2423 242314
1424 2424 242476
1425 2425 242596
1426 2426 242628
1427 2427 242765
1428 2428 242898
1429 2429 242941
1430 2430 243055
1431 2431 248062
1432 2432 245686
1433 2433 243342
1434 2434 243499
1435 2435 243565
1436 2436 243629
1437 2437 243797
1438 2438 243876
1439 2439 243914
1440 2440 244091
1441 2441 244183
1442 2442 249085
1443 2443 246828
1444 2444 244491
1445 2445 244514
1446 2446 244676
1447 2447 244795
1448 2448 244827
1449 2449 244967
1450 2450 245099
1451 2451 245141
1452 2452 245255
1453 2453 250305
1454 2454 247906
1455 2455 245543
1456 2456 245700
1457 2457 245765
1458 2458 245829
1459 2459 245996
1460 2460 246074
1461 2461 246116
1462 2462 246292
1463 2463 246384
1464 2464 256257
1465 2465 249050
1466 2466 246690
1467 2467 246712
1468 2468 246877
1469 2469 246996
1470 2470 247027
1471 2471 247167
1472 2472 247298
1473 2473 247339
1474 2474 247456
1475 2475 252550
1476 2476 250129
1477 2477 247743
1478 2478 247899
1479 2479 247963
1480 2480 248031
1481 2481 248197
1482 2482 248274
1483 2483 248316
1484 2484 248492
1485 2485 248582
1486 2486 256061
1487 2487 251273
1488 2488 248890
1489 2489 248912
1490 2490 249077
1491 2491 249195
1492 2492 249225
1493 2493 249368
1494 2494 249499
1495 2495 249539
1496 2496 249656
1497 2497 254793
1498 2498 252349
1499 2499 249945
1500 2500 250100
1501 2501 250163
1502 2502 250231
1503 2503 250396
1504 2504 250473
1505 2505 250518
1506 2506 250693
1507 2507 250783
1508 2508 255819
1509 2509 253495
1510 2510 251089
1511 2511 251110
1512 2512 251278
1513 2513 251395
1514 2514 251425
1515 2515 251568
1516 2516 251698
1517 2517 251737
1518 2518 251858
1519 2519 257038
1520 2520 254571
1521 2521 252145
1522 2522 252299
1523 2523 252362
1524 2524 252433
1525 2525 252598
1526 2526 252673
1527 2527 252718
1528 2528 252892
1529 2529 252981
1530 2530 258065
1531 2531 255718
1532 2532 253289
1533 2533 253310
1534 2534 253478
1535 2535 253594
1536 2536 253623
1537 2537 253769
1538 2538 253899
1539 2539 253938
1540 2540 254058
1541 2541 266904
1542 2542 256791
1543 2543 254347
1544 2544 254500
1545 2545 254562
1546 2546 254633
1547 2547 254797
1548 2548 254872
1549 2549 254920
1550 2550 255094
1551 2551 255182
1552 2552 260309
1553 2553 257939
1554 2554 255488
1555 2555 255508
1556 2556 255680
1557 2557 255795
1558 2558 255823
1559 2559 255969
1560 2560 256098
1561 2561 256136
1562 2562 256259
1563 2563 264089
1564 2564 259014
1565 2565 256546
1566 2566 256699
1567 2567 256760
1568 2568 256834
1569 2569 256998
1570 2570 257072
1571 2571 257120
1572 2572 257293
1573 2573 257380
1574 2574 262555
1575 2575 260163
1576 2576 257689
1577 2577 257708
1578 2578 257879
1579 2579 257993
1580 2580 258021
1581 2581 258171
1582 2582 258298
1583 2583 258336
1584 2584 258459
1585 2585 263769
1586 2586 261234
1587 2587 258748
1588 2588 258900
1589 2589 258961
1590 2590 259034
1591 2591 259197
1592 2592 259270
1593 2593 259322
1594 2594 259494
1595 2595 259581
1596 2596 264799
1597 2597 262384
1598 2598 259887
1599 2599 259907
1600 2600 260081
1601 2601 260194
1602 2602 260222
1603 2603 260370
1604 2604 260497
1605 2605 260534
1606 2606 260661
1607 2607 266014
1608 2608 263456
1609 2609 260948
1610 2610 261099
1611 2611 261159
1612 2612 261236
1613 2613 261398
1614 2614 261471
1615 2615 261521
1616 2616 261693
1617 2617 261779
1618 2618 272280
1619 2619 264608
1620 2620 262088
1621 2621 262107
1622 2622 262280
1623 2623 262393
1624 2624 262420
1625 2625 262572
1626 2626 262698
1627 2627 262734
1628 2628 262860
1629 2629 268257
1630 2630 265676
1631 2631 263150
1632 2632 263300
1633 2633 263359
1634 2634 263436
1635 2635 263598
1636 2636 263669
1637 2637 263723
1638 2638 263895
1639 2639 263980
1640 2640 271928
1641 2641 266829
1642 2642 264286
1643 2643 264305
1644 2644 264482
1645 2645 264594
1646 2646 264620
1647 2647 264772
1648 2648 264897
1649 2649 264932
1650 2650 265062
1651 2651 270502
1652 2652 267898
1653 2653 265349
1654 2654 265499
1655 2655 265558
1656 2656 265638
1657 2657 265799
1658 2658 265869
1659 2659 265923
1660 2660 266094
1661 2661 266178
1662 2662 271534
1663 2663 269053
1664 2664 266487
1665 2665 266505
1666 2666 266681
1667 2667 266792
1668 2668 266818
1669 2669 266973
1670 2670 267098
1671 2671 267133
1672 2672 267262
1673 2673 272745
1674 2674 270119
1675 2675 267551
1676 2676 267700
1677 2677 267758
1678 2678 267837
1679 2679 267998
1680 2680 268068
1681 2681 268125
1682 2682 268295
1683 2683 268378
1684 2684 273778
1685 2685 271274
1686 2686 268685
1687 2687 268703
1688 2688 268883
1689 2689 268993
1690 2690 269018
1691 2691 269173
1692 2692 269296
1693 2693 269331
1694 2694 269464
1695 2695 288465
1696 2696 272341
1697 2697 269751
1698 2698 269899
1699 2699 269956
1700 2700 270039
1701 2701 270199
1702 2702 270268
1703 2703 270325
1704 2704 270495
1705 2705 270577
1706 2706 276024
1707 2707 273497
1708 2708 270886
1709 2709 270903
1710 2710 271082
1711 2711 271191
1712 2712 271216
1713 2713 271374
1714 2714 271497
1715 2715 271531
1716 2716 271663
1717 2717 279950
1718 2718 274561
1719 2719 271953
1720 2720 272100
1721 2721 272156
1722 2722 272239
1723 2723 272398
1724 2724 272467
1725 2725 272527
1726 2726 272696
1727 2727 272777
1728 2728 278268
1729 2729 275719
1730 2730 273085
1731 2731 273101
1732 2732 273284
1733 2733 273392
1734 2734 273416
1735 2735 273574
1736 2736 273696
1737 2737 273729
1738 2738 273865
1739 2739 279478
1740 2740 276783
1741 2741 274152
1742 2742 274299
1743 2743 274355
1744 2744 274441
1745 2745 274599
1746 2746 274667
1747 2747 274727
1748 2748 274895
1749 2749 274976
1750 2750 280514
1751 2751 277942
1752 2752 275285
1753 2753 275301
1754 2754 275483
1755 2755 275591
1756 2756 275614
1757 2757 275776
1758 2758 275897
1759 2759 275929
1760 2760 276065
1761 2761 281721
1762 2762 279004
1763 2763 276354
1764 2764 276500
1765 2765 276555
1766 2766 276641
1767 2767 276798
1768 2768 276865
1769 2769 276928
1770 2770 277096
1771 2771 277176
1772 2772 288302
1773 2773 280163
1774 2774 277484
1775 2775 277501
1776 2776 277685
1777 2777 277791
1778 2778 277815
1779 2779 277975
1780 2780 278095
1781 2781 278127
1782 2782 278266
1783 2783 283965
1784 2784 281226
1785 2785 278554
1786 2786 278699
1787 2787 278753
1788 2788 278843
1789 2789 279000
1790 2790 279066
1791 2791 279128
1792 2792 279296
1793 2793 279375
1794 2794 287798
1795 2795 282387
1796 2796 279684
1797 2797 279700
1798 2798 279884
1799 2799 279990
1800 2800 280013
1801 2801 280177
1802 2802 280296
1803 2803 280328
1804 2804 280466
1805 2805 286208
1806 2806 283446
1807 2807 280756
1808 2808 280900
1809 2809 280953
1810 2810 281042
1811 2811 281199
1812 2812 281264
1813 2813 281330
1814 2814 281497
1815 2815 281575
1816 2816 287247
1817 2817 284608
1818 2818 281883
1819 2819 281902
1820 2820 282086
1821 2821 282191
1822 2822 282213
1823 2823 282376
1824 2824 282495
1825 2825 282526
1826 2826 282668
1827 2827 288453
1828 2828 285668
1829 2829 282955
1830 2830 283099
1831 2831 283152
1832 2832 283244
1833 2833 283400
1834 2834 283464
1835 2835 283530
1836 2836 283696
1837 2837 283773
1838 2838 289493
1839 2839 286832
1840 2840 284083
1841 2841 284102
1842 2842 284285
1843 2843 284389
1844 2844 284411
1845 2845 284578
1846 2846 284696
1847 2847 284726
1848 2848 284867
1849 2849 296394
1850 2850 287888
1851 2851 285157
1852 2852 285300
1853 2853 285352
1854 2854 285444
1855 2855 285599
1856 2856 285662
1857 2857 285732
1858 2858 285897
1859 2859 285974
1860 2860 291737
1861 2861 289053
1862 2862 286282
1863 2863 286304
1864 2864 286487
1865 2865 286590
1866 2866 286611
1867 2867 286777
1868 2868 286894
1869 2869 286924
1870 2870 287069
1871 2871 295812
1872 2872 290110
1873 2873 287357
1874 2874 287499
1875 2875 287550
1876 2876 287646
1877 2877 287800
1878 2878 287863
1879 2879 287932
1880 2880 288097
1881 2881 288172
1882 2882 293983
1883 2883 291276
1884 2884 288482
1885 2885 288504
1886 2886 288686
1887 2887 288788
1888 2888 288809
1889 2889 288979
1890 2890 289095
1891 2891 289124
1892 2892 289268
1893 2893 295184
1894 2894 292331
1895 2895 289559
1896 2896 289700
1897 2897 289750
1898 2898 289846
1899 2899 289999
1900 2900 290061
1901 2901 290134
1902 2902 290298
1903 2903 290373
1904 2904 296227
1905 2905 293498
1906 2906 290681
1907 2907 290706
1908 2908 290887
1909 2909 290989
1910 2910 291009
1911 2911 291179
1912 2912 291294
1913 2913 291322
1914 2914 291470
1915 2915 297429
1916 2916 294553
1917 2917 291758
1918 2918 291899
1919 2919 291949
1920 2920 292047
1921 2921 292200
1922 2922 292261
1923 2923 292333
1924 2924 292497
1925 2925 292571
1926 2926 307251
1927 2927 295721
1928 2928 292881
1929 2929 292906
1930 2930 293087
1931 2931 293188
1932 2932 293207
1933 2933 293380
1934 2934 293494
1935 2935 293522
1936 2936 293670
1937 2937 299671
1938 2938 296773
1939 2939 293960
1940 2940 294100
1941 2941 294149
1942 2942 294247
1943 2943 294399
1944 2944 294460
1945 2945 294535
1946 2946 294698
1947 2947 294771
1948 2948 303665
1949 2949 297942
1950 2950 295080
1951 2951 295108
1952 2952 295288
1953 2953 295388
1954 2954 295408
1955 2955 295580
1956 2956 295693
1957 2957 295721
1958 2958 295871
1959 2959 301916
1960 2960 298995
1961 2961 296160
1962 2962 296299
1963 2963 296347
1964 2964 296449
1965 2965 296600
1966 2966 296660
1967 2967 296735
1968 2968 296897
1969 2969 296970
1970 2970 302962
1971 2971 300165
1972 2972 297280
1973 2973 297307
1974 2974 297488
1975 2975 297587
1976 2976 297606
1977 2977 297781
1978 2978 297894
1979 2979 297921
1980 2980 298071
1981 2981 304159
1982 2982 301215
1983 2983 298361
1984 2984 298500
1985 2985 298547
1986 2986 298649
1987 2987 298799
1988 2988 298858
1989 2989 298937
1990 2990 299099
1991 2991 299170
1992 2992 305206
1993 2993 302387
1994 2994 299479
1995 2995 299509
1996 2996 299689
1997 2997 299787
1998 2998 299806
1999 2999 299981
2000 3000 300093
